   [1] 1 3 0 0 0 1 0 1 2 0 2 0 1 3 1 0 0 2 2 0 0 2 1 0 0 0 2 2 2 0 1 0 2 0 1 2 2
  [38] 2 1 1 0 3 3 2 0 3 0 2 1 2 1 1 1 2 4 2 1 2 0 1 1 0 0 2 2 0 1 3 1 3 0 2 1 1
  [75] 3 1 1 0 4 4 0 3 4 1 0 1 2 0 1 1 0 1 2 1 0 2 0 1 1 5 1 2 2 2 1 0 0 0 3 2 0
 [112] 4 1 0 0 2 2 1 0 1 2 0 1 3 1 2 1 3 1 3 0 2 1 2 1 1 0 1 1 2 2 1 2 0 3 3 1 2
 [149] 1 0 1 3 0 2 1 1 0 1 1 0 2 0 0 0 0 1 1 0 1 1 1 1 2 2 1 2 1 2 4 1 2 1 0 2 1
 [186] 1 0 4 2 0 1 2 1 1 1 0 5 1 0 3 0 0 0 0 2 0 0 1 1 0 2 1 2 0 0 3 0 1 2 2 1 2
 [223] 1 2 3 0 2 1 3 0 1 1 0 1 0 2 0 0 1 2 1 3 3 1 0 0 0 0 2 1 1 2 3 1 1 2 2 1 0
 [260] 0 1 1 1 1 1 1 3 2 0 0 0 3 0 1 0 0 1 1 1 0 3 0 0 1 1 0 1 0 2 2 2 2 1 3 0 0
 [297] 1 1 1 2 1 1 1 0 0 2 3 0 0 0 0 1 0 1 0 1 4 0 2 2 3 1 0 1 0 1 1 0 1 0 0 0 0
 [334] 0 1 0 1 0 4 1 1 0 3 1 1 1 0 2 0 0 0 0 3 0 1 1 0 0 1 4 0 1 1 0 1 5 1 2 3 1
 [371] 1 1 2 0 2 1 1 1 1 1 2 0 4 2 0 0 0 1 1 1 2 4 1 0 0 2 2 3 1 1 2 0 4 1 2 2 0
 [408] 2 1 3 1 2 2 1 0 0 1 2 1 0 2 3 4 0 2 2 1 0 2 1 2 0 3 2 1 1 0 0 3 0 1 3 2 3
 [445] 5 2 0 3 1 1 0 0 3 1 1 1 1 2 2 1 1 1 0 2 1 1 2 0 4 1 1 0 0 0 0 0 2 0 2 2 1
 [482] 1 1 0 1 1 1 0 1 1 2 1 0 1 0 0 3 0 0 1 0 1 3 1 2 4 2 3 1 0 3 1 1 0 2 0 3 1
 [519] 2 0 1 1 2 1 2 2 0 1 0 4 1 1 0 1 0 0 1 1 1 0 4 2 2 1 1 3 0 2 0 1 3 3 3 1 2
 [556] 3 0 2 2 0 0 0 1 1 0 2 4 0 1 0 3 1 3 3 2 2 2 3 2 2 0 1 1 0 3 2 1 4 1 1 0 3
 [593] 2 2 0 1 0 1 2 3 1 2 1 2 1 0 1 2 3 0 3 1 1 3 0 1 2 3 1 0 1 0 2 1 1 3 2 0 0
 [630] 2 2 1 0 4 2 0 3 1 1 1 1 2 1 1 2 3 3 2 3 3 1 0 0 2 3 2 3 1 0 1 0 3 0 2 0 2
 [667] 2 1 0 0 1 1 0 0 1 2 0 0 0 3 0 3 1 1 2 2 3 0 1 3 3 1 2 0 0 1 0 1 0 2 1 1 4
 [704] 3 0 1 0 0 1 1 1 1 2 0 0 0 2 2 0 1 3 0 1 1 0 0 2 1 1 0 1 0 3 2 0 3 1 2 1 0
 [741] 0 1 1 2 1 0 1 0 0 1 0 0 2 1 0 1 0 1 0 2 0 3 1 1 0 1 0 2 2 0 1 3 0 0 1 0 2
 [778] 3 0 0 3 2 2 1 3 2 1 4 1 0 0 4 1 1 1 1 1 2 1 2 1 0 1 1 3 2 2 1 1 1 1 2 2 0
 [815] 3 1 0 0 2 1 1 3 1 3 2 1 1 1 1 0 0 1 0 0 2 1 0 1 1 1 2 1 1 0 0 0 2 4 0 1 0
 [852] 3 3 2 1 2 0 1 2 0 0 0 2 1 0 2 0 0 1 0 2 1 0 3 3 0 1 2 5 1 0 1 3 2 0 2 2 1
 [889] 0 1 1 1 0 2 0 1 0 2 1 1 2 0 1 0 1 0 0 2 2 1 0 1 0 1 1 0 2 0 4 0 1 1 2 2 1
 [926] 0 1 1 2 0 0 2 0 1 2 1 3 1 2 1 2 3 0 0 0 2 0 3 1 0 0 2 1 1 0 1 1 2 2 0 4 1
 [963] 1 3 0 1 0 1 1 0 3 2 1 1 1 2 1 0 0 1 3 0 1 3 1 3 0 1 1 1 0 0 1 1 0 1 0 0 3
[1000] 0 0 2 0 0 3 0 1 1 1 1 0 0 2 0 1 0 0 5 0 2 0 1 1 0 1 2 0 2 3 1 0 1 0 3 1 3
[1037] 1 1 1 1 0 1 1 1 1 1 1 1 2 1 1 1 3 2 5 2 1 0 1 0 2 2 0 0 0 0 1 0 1 1 1 2 0
[1074] 1 0 1 0 1 1 0 0 1 2 0 0 3 1 2 2 2 0 1 1 0 0 1 1 0 0 0 0 2 2 2 2 1 1 1 1 0
[1111] 0 1 1 1 0 1 0 0 4 1 0 1 3 2 1 0 0 1 2 0 1 2 2 1 2 0 1 0 1 2 2 2 1 2 2 3 1
[1148] 2 2 2 1 3 3 1 2 5 0 4 0 3 0 3 2 1 1 0 0 2 1 2 3 0 0 0 1 3 0 0 0 0 2 1 0 1
[1185] 3 1 1 1 0 1 1 1 2 2 1 2 2 0 0 1 0 0 0 2 1 2 1 0 1 0 1 2 0 2 0 3 1 0 1 2 0
[1222] 2 0 3 0 0 1 0 2 0 2 1 1 1 0 1 2 1 3 1 1 0 1 2 1 1 1 3 0 2 3 0 2 3 3 3 1 1
[1259] 0 0 1 2 1 0 1 1 2 0 0 0 1 1 1 3 1 0 1 1 0 1 2 1 2 2 0 1 1 2 5 3 1 2 0 2 2
[1296] 0 1 1 1 1 2 0 0 1 1 1 1 0 1 1 1 2 0 2 1 0 0 1 0 0 1 0 1 2 1 2 1 1 0 1 1 2
[1333] 2 3 2 0 1 0 2 0 0 0 0 3 1 2 0 3 1 1 2 1 1 3 3 2 0 2 3 2 1 1 2 0 1 1 2 2 2
[1370] 1 2 0 0 1 2 3 5 0 3 0 2 0 1 1 2 0 0 1 2 1 4 1 1 4 2 2 1 2 3 0 1 0 0 0 2 1
[1407] 1 0 1 0 1 0 1 2 1 0 1 1 4 1 1 1 1 2 0 0 2 2 1 1 1 0 0 2 1 1 1 0 0 2 0 2 2
[1444] 2 4 3 2 2 1 0 0 0 3 0 3 4 1 0 1 1 2 2 1 0 0 4 2 0 1 1 1 2 4 3 3 0 0 1 3 1
[1481] 4 2 1 2 1 0 3 0 0 0 2 0 1 0 2 2 1 0 2 4 0 0 1 2 1 3 0 0 2 3 0 1 0 3 0 1 1
[1518] 1 0 1 2 0 0 0 2 2 1 3 1 1 1 2 1 1 1 1 0 1 0 0 1 6 2 0 2 3 0 1 1 1 3 2 1 0
[1555] 1 0 4 2 1 2 3 1 2 0 3 3 1 3 0 1 0 1 1 1 2 0 2 1 0 0 0 1 1 0 1 1 0 0 2 1 2
[1592] 1 0 2 1 0 0 2 1 2 2 0 0 1 1 1 0 6 0 1 2 0 2 0 2 0 0 2 1 1 1 2 2 5 0 5 1 1
[1629] 1 1 1 1 1 3 1 0 3 1 2 0 3 0 2 2 0 2 1 0 4 1 0 1 2 1 2 1 1 1 1 1 1 2 2 3 2
[1666] 2 4 2 0 1 1 2 2 0 1 1 2 2 2 2 1 5 0 1 2 0 1 1 2 1 0 1 0 2 0 1 1 1 0 3 0 0
[1703] 1 1 2 1 1 0 1 0 2 1 2 2 0 0 2 2 1 0 1 1 0 3 1 1 2 1 2 1 2 2 1 0 0 2 1 3 0
[1740] 1 2 2 0 1 2 1 0 2 1 1 1 2 0 1 4 1 1 1 2 1 2 1 2 2 2 0 1 2 2 1 2 0 0 4 1 1
[1777] 2 1 2 1 1 1 0 1 2 2 1 0 1 0 0 1 1 2 1 1 1 1 1 1 0 1 1 0 0 1 2 1 0 3 1 2 2
[1814] 1 1 1 0 0 1 4 1 2 3 2 3 3 2 2 1 0 0 0 1 3 3 3 3 2 4 0 2 0 1 2 1 4 0 2 1 0
[1851] 0 0 2 1 2 2 3 0 1 1 1 1 2 2 1 1 0 3 1 3 1 1 0 1 2 1 1 0 1 0 3 0 1 0 3 0 0
[1888] 0 1 4 1 1 1 1 2 1 1 1 1 0 1 2 0 1 3 2 2 2 2 2 0 0 4 1 0 4 1 3 1 2 2 0 2 3
[1925] 0 1 3 0 3 0 0 1 2 1 2 0 0 1 1 1 2 1 1 1 2 1 0 1 3 1 0 0 1 2 1 2 2 0 1 2 1
[1962] 0 4 0 2 1 1 0 0 2 1 1 2 3 1 1 0 1 0 1 0 2 5 2 1 4 3 1 1 1 0 0 0 2 0 0 1 1
[1999] 1 2
   [1] 12334  3425 11979 14272  3188  2086 19004 13800  6954  4068 18871  2370
  [13]  2179  4894  4039  1445   408 13129  8609  5973  2095  3452  3964  4428
  [25]  8519  4073  2709  1868  1513  5714  7963 20279  9289 11239   395  5739
  [37]    45 10007  1920  5776   672  4603  4374  1509  2379  7210  9521  6668
  [49]  1550  7997  1941   301  5626  2208  1119  3608  8479  2527 12352  1120
  [61] 19649 12696  5493   356  2743  5197  2694  1750 11883  2212  3133    50
  [73]  2270     2  7761 29533  4134  6081 11204 25080  6070  4051  1676   809
  [85] 12602  5674  7092  1428   190  7660 13021   802  2747 17544  5553  2919
  [97]  2287 14529  9880  6443   626   433  2323  8757  5098  5013  1362  3952
 [109]  1718  3218  1856 14194 11083 10077    64   901  1196  3690 12530 10945
 [121]  4529  5392  6347  2644  1495  3514  3109  6504  1526   835   363  5297
 [133]  5824 11405  1573  2626  6493  7788 12719   240   760   409  4229 14482
 [145]  4038 11996 16445  2099  2777  2989  5832  3326 11337  8587   856  7096
 [157]  1891  1996 10807   451  1081  2965  1653  1411  4926  4785 17568  1101
 [169]  1172   165   642  2203 19049  5302  7944  3696  3974 23356  1630  6826
 [181]  3918  2494  2929   485   388  9507   374  4241  1407  2364 18305  7054
 [193]  1562  9300  6907  1957  9317  3840  9619 27357   331  4555  3689 16665
 [205]  7989 25450  6626  2827  2332 21435  8453  1012  2426  5476   598  7383
 [217]  1758  8054  6864  1684  4201   310   372  3299  8425  1888  3735 11634
 [229]  6864 19433 12591    80  6009  6867  3651   412  3581  4228  1139  4852
 [241]   830  4563  3423  9077  1654  5285 13429  1798   756  2832 12974  8153
 [253]  2257  9355  9202  2039  2064  3137 10507  4063   197  2866  2214  2964
 [265] 13174  7280  4679  5574  1017  3792  1726   352  4394  8972  2105  2710
 [277]  5423  1602  1489  1899  7749  1657  4876  2722  2287  8303   285   644
 [289]  5421  4182  5933  5066  1623  3064  3134  6266  7858  5440  3982  1892
 [301]  3522  1975    99  3811  5910  9818 11370  8307  5675  5004  5590  8837
 [313]  3604  1205  5435  6902 14653 13124   784  3671  1129  7468  1222 11902
 [325]   969  5805  2700  7650  8843 13214   768    11   695 10755  1098  4956
 [337]  6550  2101  5401   152  2400  4698 35918  3386  3620  6871  3257  1699
 [349]   418  7191  2767  4731  9151   208   547  1912  6856   840  3561  9729
 [361]  8127  1514  4586  5257  1949  7573  1594 20742  2244  3031 15409 20753
 [373]  1737  6495 14290    21  1853  1972  7341  1610  9188  6279   890  1568
 [385]  5411   918 14522  3922   747    60  1015  2609   550  3600  1545  1422
 [397]  4612  4634  7065  5695 12933   337  4746  1841 15318 10065 11203  3054
 [409]  1753  2969 10685  8226   646  1042  8545   601  9121  2497  7345  7091
 [421]   397  3637  6192  4835 31289  3707  1193   346  9932  1639  2209  6205
 [433] 15699  1236    70  4078  7052   301  1709  3071  2317  1060   181  3462
 [445] 19152   406  1106  6198  1518  8468  6288  2809  4439  2157  4281  6720
 [457]  1120  1582  9463   254  6365  1350 23353  6051   965  2220  2016  5122
 [469]  3552  4371  1806  1740  7131  7604 13457  4763  3373   349  1905  4798
 [481] 10593  6722  3135 15273  5193  4358   681  3119  2809   630   144   755
 [493] 22444  6019   485  8960  3431  3487  1408  1254  8887  1254  1755  2706
 [505]  2854   931 26149  7211  6663  3145  7323  6302  6597  2303   211  1502
 [517]  3892  3806  4676  1504  7591  7018  8320  8769   504  1664  3443  6776
 [529]  1261  2945  2855  6968  6195  4743  1240  6788  6656   558   969  1734
 [541]  9365 12496   354 10983  3096  5075  8483 13612  2145  8871 11552  2151
 [553]  6186  4675  4597  4394  9275   925  4408  4884   719  1595  5216  1811
 [565]  9956  1765  1517  6272   283   746   509  6080  2439  2560   295  5444
 [577]    84  5002  5470  2474  1629 13697  2380  8464  8090   118  1158  1205
 [589]  2660  1916 16378  3469 12069  7949 11754  3484    81  5350 12930  2432
 [601]  1255  4981  4178 16762   381   797  1475  1846   994   658  2910 12686
 [613] 13025  9529  6845  1575 11406   895  9847  8519   550  2879  2531  3885
 [625] 12105  4908  3079  8110 10497  1429  1369  2098  6453  4137  4048   141
 [637] 13379  6981 10738  5767  6215  2978  1355 21958  2600  6014  8442    83
 [649]  7562  3596  3564  2923  4168  4561   878  9040 22534  1509  2172  3328
 [661]  2527  3446  1931  6355  7972    15  5849  3120  2358  1324   300 12908
 [673]  4282  4335  6025    55  5864  7169   502  1280  6152 16125  3517  3533
 [685]   161   110  2299  5411  3877  3873  7354  2256  6767  5021   989  5434
 [697]  1155 15754  2380   311  5635  2070  7540  4958   451  4021  2383  2927
 [709]  2877  4269   122  6058  5279   479  5784  1705  2599  3710  2999  2154
 [721]   630  7941  5366   195  3605 21065  2499   583    73   282  1574  3465
 [733]  2697  2140  1622  3109   688  6614   168  8008  1226   453   292   700
 [745]  9978  8112 17007   248  4089  4314  1304  4544  1826   881 12439   188
 [757]   596 13301  1113  2957  9227  3816 10664  7913  3835   906  1773  1871
 [769]   303  3453  7190   781  1080  2444  3588 14475   590  2393   111   277
 [781]  2378   139  1450  2203   990  2849  2940   504    74  3067  6823  5545
 [793]  7905    80  1830  3297  1246  6669  5437  2988  1303   208  1831  2559
 [805]  2324  2178  5589  2068  8838  3164  1259   480  3482  3464  7315   441
 [817]  5927   603  1791  2037  1739  8308   688  3315  6971  3454 16310  2942
 [829]   339 11946 10894  3188   412  3658  3098   583  2457  2053   419   183
 [841]  2324  5023 11668   832  9281  7859  1470  5125  3249  2639  4019  8262
 [853]  1873  7206  1652  5664  5815  2968   934 17103  9903   794    84  2378
 [865]  1985  8186  1328  3518  4683 18405  7381  2573  3863  1150  1949  4297
 [877]  1719  3698  1729  1007 20397   771   208 10173  2231  4368 16848  6171
 [889]  1039 11721  6931 13434  1314   797 30759   625  3846  5031  8033  4438
 [901]  2347 10126  4376  3817  4178  1863 12135  1938   892 11864  1873  2421
 [913]  1160   761  1332  5781 16564  8244  3032  2549   569   825   486  7736
 [925]  6728   956  4386  9277  1856  2780 22312   791  4207 19737    37  5098
 [937]  6224  1434  7859  5305  5199  2479  5815 15327  2343  2464 15008 14715
 [949]  1033  3370   556  6962 10398  2918  8978   225  6315  3730  5656 10800
 [961]  1022  1255  1283  7256  3709 16576  5496  1982  1060   590  7769   679
 [973]  2107  2315  2691   701  5695  4237  2968  3115  1476  4257   488  6939
 [985]  1004  1188  1681  9899 11184  4319  8433  4210 17031  4652  3997  7678
 [997]  2576   789  6973  2562   337    67  4124  1076  3422   105  6113 15283
[1009]  4008  6344   940  5197 15387  1424  1843  5753  2786    80 25689   530
[1021]  2518  8916  1357   153  8176  1430  1404 14371   181   351  6014   630
[1033]  6184  1606   162   290   902  8670  2686  9903  1038   584  1374  4080
[1045]  2890 20062  6391  8210   559  1128   795    13  3145  8855  3815  4050
[1057]  2471   296  4103 10502  5158   869  1715  5545  7043    41  2412  6303
[1069]  3746  1579  4125   529   411  3612   437  2234    84  9250  2950   861
[1081] 14966  7062  5682  2742   706  5512  1852 11423  2267  5898   619  5645
[1093]  9949  4541  8203  6797 11014  1687  2480  5326  1947  3042  5695   492
[1105]  1032 11880  7419    49  3949  2281   881  9400  2568  9530  5111  4031
[1117]  1849  1252  7713   222  3243   553  3278  6094  7680   992   142 18260
[1129]  2357   368 16918  8180  5689 10614  2329  3016    88  6568  8725  3682
[1141]  1200   759   540  5346   591 10152  9278  2347  1133  3601   895  8944
[1153] 12907  3695  8466  1322  3920   270  1400   630  3655  2071 10668  4988
[1165]  1781  4689  5248     9  2702  3459 12422  8839  2647  2021   766    37
[1177]  3947  1520  1380 14380  2108  7340 12447  2383 15430 15441  1247  1348
[1189]  2137  2082  1662   426  4536   450   615  1084  9644  1556  1415 24698
[1201] 11889  8696  4919  4173   624  2024  7499  5398    81   666   580  2689
[1213]  3649  2954  6935  3158  7652   820 10869   980  3788  6629  7053 11627
[1225] 10313   855  6915   528  1559  4931  1823  8802  7079  7429  1888  5214
[1237]  2010  6969 10477  2621  3051  7514  8938  8003  6744  3510  2734  2354
[1249]   761  9805 10392  1948   856  2059 17752  6088 23324  8147  8774  9839
[1261]  2357  1151  3884  6444 20139  5246 17080  1040   306  3778  1712   395
[1273]  1283  6312 16836  3313   872   772  2453  2009  5363  3286 11217   888
[1285] 12935  1822  7870  1906 13110  7710  4953   237  3546   557  5298  9602
[1297]  6011  1905 11734  1243  4042  2044  3472  5254  6295  8268  2287  1659
[1309]  5264 10513  8193 10896   790  2383  1947  2381  2812  7649    75  1852
[1321]  2523   993  3061  1899   584   201 10663  5639  4845  5842  2501  1024
[1333]  5033  6787  1380 13052  4891 22496  4420  5924  2052 21916  6989  3803
[1345]  4343 13839    79  4626  1482  8741  2400  3324  2281 13894  4641  5265
[1357]    46   372  5519  8536   305 10458   961   400   479  1118 14492  9486
[1369]  6198  3197  2921 18881  7657  2961  5193 13915  2086  2934  2612  2539
[1381]  6161  3393  9063  2565  1502  4717  2811  3054  1167     6  2799  3901
[1393]  7309  6181 21725  1339  1721    27   431  6864  9147  2318 11676  4398
[1405]  4238 12052  1590  2141  1318   447  2421  3613  3106   861  3500  4847
[1417]  6305  5353  3035  3030  4544  2104  3477 19861  1129  1852  1570  3787
[1429]  5236 15944  6608 10000  2779  2328  7667  7500  1370  3967  2007 13725
[1441]  9363   150   493  6439  2789  2681  2424  2448  2703  2940 10234  2616
[1453]  1421    38  1013  1315  4307  1136  7563  2495  1392  2083   122  2386
[1465]  1223  2312  5433  2060  2330  7375  8364  6570  8440  4321 10484 11364
[1477]  5287  5643  9045   902  2422  1294  1108 15702  2693  1963  5212  1389
[1489]  2765   976  3474  1489  4960   219  4884 13130   556  3959   912  3925
[1501]   505  7035  1937  3825  3951  7011   173   596  7774 10392  1639   330
[1513]  1593  2883  7699  1894  4502  2421 26093  7288   692  4924  4775  6232
[1525]  2865  1077  3942  3416  4226  7836   706  1117  3415  6245  4094    76
[1537]  5823  8600  6380   194   622  4664   263  1904  6009  5731  3540  1911
[1549]  3358   233  7158 12025  1411  2533  2807  1178  5068   323  2259  4124
[1561]  1754  1580  1971  5385  2674  2726   224  9730  7856  4388  4602  2576
[1573]  4846  1471   983 15276  3033  2377  2690  2807 25951 14107  3913  4015
[1585]    53 18493 11860  1153  3031  8167 14089  1060 15467  1855  8604  1452
[1597]   780  3755  4785  2940  2821 25500  1941 10765  4206   614  3069 10079
[1609]   574  2987  2634  1390  1867  2982 13252  6963   857 15554   891   441
[1621]  2848  4768  1117  1234  2234  8847   470  4440  3397  2838   433  2541
[1633]  1748  2336   973  7469  2741  6429  3514  6190  9511  4690  1460   573
[1645]  7292  2937  3091   671  4576  4416  1235 14250   719  3853   588  2016
[1657]   635  3103   332   356  3453  1346  1344  1339  1900 15113  4254  1861
[1669]  3002  9003  8419   304  1541  9443  8226  3117  1383  9650  1079  6291
[1681]  4960   118 16733   874  9183  2658  3791  6755   639  2402   639   666
[1693]   424 27558  5271  7007  6812  1173  3989  5003  4031  7686 16732  9912
[1705]  2843   269  3784   761  9852  4536  1259  3272   148  6329   776  2718
[1717] 16998  4784  1317   429    97   164  7596  2075  3837  8558  6455  2551
[1729]  1061   433  1084   112  2281 22030  1112  5800   324  1751  1982  1571
[1741] 11455  4481 13234  1244   857  2598  3693  4648  7515  2987   724  3770
[1753]  2260 18382  8681  1455 16943 16773  3604   882   562 10237  4772  2107
[1765]  7235  5257   905   606  1277  2867  1176  1784   800    14 12843  2262
[1777]   134  2195  1774 18287   249  5569  2775    88  4757  1015 19961 15963
[1789]  1576  8717  2109   642 16836  2206   614  8259   865  1157  3388  8670
[1801]   299  1163  3085   727 20325  7673  4902   655   495  2124  2443  5811
[1813]  7231  3162  1768  8859  3733  1933  1385  2212   499  1290  1335  1714
[1825]  3001  1850  2513   577  7599  2719 10057  4869  4450  5844  5026  3507
[1837]  2279   575  5513 16365  7829 18824  4769  7925  1131    56 10512  6276
[1849]  3557  3392  1283  8075  1622  2424   787  4922  8572  2346  3440  3650
[1861]   312  2774  2226  2867   147  5933  9205  8450  3319  6285   636  3083
[1873]  3201  2651   799 19467  8918 18227   563  1790  2414   804 12279  2916
[1885]  1026 14288  4753  4091  7132   850  8864  5180  4900  1526  2352  2684
[1897]  2239  7440  2139   417  6777  4860  4656  2751   189  3111  2783  7954
[1909]  6527   300  3216 16043  1397  9109  1580  1135  2825  7142  7255  3729
[1921]  8194   739  1613  1636  8646  3768   614  2614   291 12289  4110   740
[1933]   338  9329  2669 22994  5705  5206  5233  1508  1256  3636  2503  2614
[1945]  9381  7367  5976   940    78  9694  9332 17764  3450  3080   276  3517
[1957] 10849  8194  8711  3889 15278  1594  3897  7175   790  5166  1653   836
[1969]   187  4056  3729   893  3610 19428  1581 14192  2320  5930  6322  5137
[1981]   326   861  8290   952  1390  2844  1701  6132 14718   987   661  2830
[1993] 23787   336  2394  1180   225   508  5391  1239
[1] 5.03
[1] 11.0301
[1] 18.4088
[1] 34.9728
[1] 3.2222
[1] 4.4781
[1] 5.2228
[1] 6.1485
