   [1] 2 1 2 1 2 1 0 0 2 1 1 1 0 1 0 1 1 0 2 1 1 0 2 1 0 1 0 0 1 0 1 4 3 1 0 0 2
  [38] 0 0 1 1 1 2 3 1 1 0 3 0 1 2 0 1 0 1 0 2 0 1 1 0 0 3 1 0 0 1 1 0 0 3 3 0 1
  [75] 1 0 1 1 0 2 1 1 1 1 2 3 1 0 2 1 0 0 1 1 0 0 0 2 2 2 1 0 1 1 1 0 2 0 2 1 3
 [112] 0 0 1 1 1 3 1 2 2 1 0 2 5 0 0 1 0 1 0 1 1 1 0 1 1 1 1 0 2 0 1 0 4 1 1 3 0
 [149] 0 2 1 1 3 1 0 0 0 1 3 2 1 5 1 1 1 0 2 2 1 0 1 0 0 1 2 2 1 2 1 1 4 2 2 1 0
 [186] 1 1 4 2 0 0 0 0 1 1 2 0 1 0 0 1 1 2 1 0 0 1 0 0 0 1 0 1 0 0 2 2 3 1 1 0 1
 [223] 2 2 0 0 2 0 2 3 0 1 0 0 1 1 0 2 1 0 2 1 2 0 0 2 1 1 1 1 2 1 1 3 2 1 0 1 1
 [260] 3 5 2 3 0 0 0 0 2 1 0 1 6 1 1 2 4 3 3 2 1 1 2 2 0 1 3 0 1 2 2 1 3 1 1 1 2
 [297] 2 2 2 0 0 1 1 0 0 1 1 0 2 2 0 2 1 0 1 1 3 2 1 2 2 2 3 0 3 3 0 0 1 3 1 1 2
 [334] 1 0 0 1 2 2 1 1 1 1 0 0 2 1 0 1 1 1 2 3 0 0 2 0 1 1 2 1 3 1 5 0 3 2 2 0 0
 [371] 0 1 3 2 3 3 0 0 0 0 0 3 0 1 1 2 1 0 1 0 3 1 2 0 2 2 2 0 2 3 0 1 3 2 1 1 1
 [408] 1 2 2 3 1 3 1 2 1 1 1 2 2 0 1 2 0 0 1 1 1 1 0 0 2 3 1 0 2 2 0 1 0 2 2 0 2
 [445] 1 3 1 2 1 0 1 1 2 1 1 0 2 1 1 0 0 0 0 1 2 2 0 0 1 2 2 1 1 6 0 1 0 2 1 3 2
 [482] 2 2 2 0 1 3 0 0 3 3 1 2 1 0 0 1 2 2 0 1 4 1 1 0 0 1 2 1 3 0 0 1 1 1 1 3 1
 [519] 1 1 1 0 2 2 2 0 0 0 1 1 1 3 0 1 0 0 0 1 0 1 0 1 1 0 2 1 0 1 0 3 0 4 0 1 1
 [556] 0 0 1 1 1 0 1 3 1 0 1 0 2 0 1 0 1 0 1 0 1 3 1 2 1 3 1 1 2 2 1 1 0 3 4 0 0
 [593] 0 1 4 0 0 0 0 0 1 4 0 1 0 3 1 0 2 2 1 1 2 1 2 2 2 0 1 1 0 1 1 2 2 2 1 2 1
 [630] 1 2 3 2 1 3 2 1 0 0 1 3 0 2 0 2 1 0 1 3 2 1 1 1 1 2 2 2 1 1 2 2 1 2 0 3 1
 [667] 0 1 2 0 2 0 1 0 2 0 2 2 0 2 1 0 1 1 2 0 0 2 3 2 0 6 2 1 4 0 2 2 1 0 0 2 1
 [704] 2 1 0 0 1 1 1 0 3 2 0 0 1 0 1 0 1 1 6 2 0 3 1 2 2 1 0 3 2 2 1 2 0 0 1 1 0
 [741] 3 0 1 1 2 0 1 0 2 1 1 1 2 0 1 0 0 2 0 1 1 0 0 0 0 4 2 1 0 2 2 2 0 1 1 0 1
 [778] 1 0 3 1 0 0 2 0 3 1 3 3 1 1 2 1 0 1 0 1 0 1 2 0 1 1 1 1 1 1 1 2 0 1 2 1 3
 [815] 0 2 1 0 0 1 0 2 0 1 1 1 2 1 1 0 2 2 1 0 2 3 2 0 1 1 1 1 3 3 1 2 5 2 1 4 2
 [852] 1 0 0 1 2 0 3 4 2 1 3 0 1 1 1 0 3 0 1 1 2 0 1 0 4 1 5 1 1 2 1 1 1 2 0 2 2
 [889] 3 2 0 3 0 0 0 2 3 1 2 2 1 1 1 1 1 0 1 1 3 2 4 4 2 1 1 3 2 2 4 0 1 1 7 2 2
 [926] 0 2 2 0 1 2 0 0 1 2 2 1 4 2 0 1 2 0 4 2 2 1 0 1 2 0 1 1 1 0 1 1 2 1 1 2 1
 [963] 3 1 0 1 2 1 0 0 1 0 4 0 2 2 1 1 0 2 0 3 1 0 1 0 2 1 3 0 1 0 1 0 0 3 1 2 0
[1000] 2 2 0 0 1 2 1 1 1 2 2 2 1 3 2 1 0 1 3 0 0 0 0 0 1 2 0 1 2 2 1 2 2 3 3 1 2
[1037] 1 0 2 0 0 1 2 2 0 0 1 2 2 1 1 1 1 3 2 2 1 1 1 2 2 0 1 0 2 0 1 3 2 3 1 2 0
[1074] 1 3 1 0 0 3 0 2 1 0 0 0 1 3 1 0 1 2 2 2 0 1 1 3 0 1 0 3 2 2 1 0 0 1 1 0 0
[1111] 2 2 1 0 1 2 1 1 2 2 1 0 3 0 1 1 1 0 3 1 0 4 1 1 1 2 1 0 0 2 0 0 2 0 1 1 0
[1148] 0 0 1 2 3 0 1 0 1 1 3 0 3 0 1 1 2 2 2 0 0 0 0 1 0 1 2 0 1 6 1 0 0 1 0 0 3
[1185] 0 1 1 0 1 1 0 1 0 2 0 1 0 1 0 3 2 2 1 1 1 1 1 0 0 1 0 2 0 1 1 3 1 2 2 1 0
[1222] 1 2 3 0 1 3 1 0 2 2 1 3 1 0 0 0 0 2 1 0 0 0 0 3 1 0 3 0 0 1 3 3 0 1 2 1 0
[1259] 3 1 2 3 1 2 2 1 2 1 1 0 1 1 2 0 0 1 0 1 0 2 0 4 2 2 2 1 2 1 2 1 0 0 0 0 3
[1296] 1 0 4 0 0 2 3 2 0 2 0 3 1 1 2 0 2 2 0 0 2 0 1 0 1 0 2 2 1 2 2 0 1 3 0 5 1
[1333] 2 0 0 0 3 1 2 1 0 2 1 0 1 2 0 1 1 1 0 0 2 2 2 2 3 4 1 2 1 0 3 0 0 2 1 0 0
[1370] 1 2 1 2 2 2 0 3 0 1 3 1 0 2 2 2 0 2 1 1 0 2 1 3 0 1 1 1 1 1 2 0 0 2 1 2 1
[1407] 1 1 0 2 3 2 4 0 1 0 1 0 0 0 0 1 0 0 3 1 2 2 1 2 4 2 0 1 2 2 0 0 1 2 3 0 0
[1444] 3 1 3 1 1 3 3 0 2 0 1 1 3 1 1 0 0 0 3 0 1 0 0 0 2 2 0 2 3 0 3 2 3 1 1 1 2
[1481] 0 3 2 2 1 2 0 1 2 0 1 1 0 2 1 0 0 0 1 1 1 2 2 1 3 0 0 3 2 0 2 1 1 1 3 0 2
[1518] 0 1 2 3 1 1 1 1 0 2 3 0 2 2 1 2 1 0 2 2 2 2 0 1 2 2 0 1 0 0 0 1 0 3 3 0 2
[1555] 1 2 1 0 0 2 3 0 0 1 1 0 1 1 1 1 3 2 1 1 1 3 0 1 2 1 1 0 0 2 1 2 1 3 0 2 1
[1592] 1 1 0 1 3 1 1 0 2 0 2 1 2 0 1 1 1 1 1 0 1 1 4 0 0 4 0 0 1 3 0 3 2 2 2 0 1
[1629] 0 1 0 1 0 1 1 1 2 0 0 1 2 1 0 1 4 0 1 1 3 1 1 1 3 1 1 1 0 1 0 2 2 2 0 0 1
[1666] 3 0 1 1 0 1 0 3 5 0 1 1 2 1 0 0 1 0 1 3 3 2 2 1 0 1 3 1 0 1 0 1 2 1 3 1 2
[1703] 4 1 2 0 0 1 2 1 2 0 0 2 2 1 1 2 1 0 3 2 1 2 3 0 3 3 3 1 2 1 0 2 1 1 3 4 0
[1740] 0 0 1 3 0 1 1 0 0 0 2 2 2 2 1 2 1 1 1 0 0 1 0 3 1 1 0 4 3 0 0 1 1 1 2 2 0
[1777] 0 2 2 1 0 0 3 1 1 2 1 1 1 1 2 0 3 3 0 0 2 1 0 3 1 1 2 3 0 1 2 2 2 1 1 3 1
[1814] 0 1 1 0 2 1 3 2 1 0 1 0 0 1 1 0 1 0 2 1 3 0 2 1 0 1 0 1 0 1 2 0 1 0 0 1 0
[1851] 1 1 2 0 1 2 2 1 0 0 0 1 1 2 2 0 0 2 1 0 1 0 0 2 2 1 2 1 1 0 2 2 0 3 3 3 1
[1888] 3 2 0 1 1 3 3 0 1 2 0 1 0 0 0 3 0 0 0 0 2 0 1 1 1 2 0 2 0 2 1 2 0 1 2 1 0
[1925] 4 1 0 0 0 1 0 0 2 1 1 0 1 1 0 0 5 0 0 1 5 0 1 1 1 1 0 3 3 1 0 0 1 1 1 2 2
[1962] 1 2 0 0 3 0 0 2 2 0 0 0 2 0 1 1 2 0 0 1 1 2 3 1 0 1 2 1 2 1 3 0 0 2 0 3 1
[1999] 0 0
   [1]  2459  7493  6722   377  4626  5528  6322  8263    50  3181 25606 14228
  [13]  1410  4289  2103  2573 23038  3506  2793  3290 11100  4019  4348  1777
  [25]  6838   764  2384  5485   196  3955 13553  1913  1546   454  9270  2132
  [37]  9468   127 11343   389  2791 13955   751 10581   689  6471  3597   347
  [49]  2502  3503  5808  4650  2829  6123  5396  7500  6827  7812  4653  8227
  [61] 16577   676  2359  4778  1102 18695  3343  9255  8129  1777   694  5473
  [73]  2564  1088  3902  2271  3947  7816   161   803  1791  6411  2743  5503
  [85]  5467    70  1282  2256 15172  1193  4604  6000  3253  2850  4891  5162
  [97]  5090  2132  8848    93  1470  2335 13737  4980  1152  2218  4164  7108
 [109]  1605 16275 15548  8534  1930  8847  2676  1323   946   966   489   892
 [121] 13214  1683  2565  4732  5151  5231  3497  1660  1450  1456  3050 13564
 [133]  6820  2769    35 22444  2866  5801  1856  1917   585  1038  3866 12011
 [145]   658 21252 14115 12545  5670   966  3365   211    24   605  1546  9698
 [157]  1690  3386  3107  6877  1504  2118  6164   774   305  2996    39  1734
 [169] 11200  8368    98  4779  2611 16057  8741   246  2944  6455  2858  9256
 [181]  5297   567  2394  4545 10530  4513  4292 17512  6974 18240  1549  3390
 [193]  2134  3008   275 13699  4351  4729  5087  7338  2955  6774  3048   685
 [205]  2406   178  8665  3172   165  3122 10180   319  8255  5186  2879   810
 [217]  7293  2149  1039 13490  1831  2485  3314  7040 15617  5337  1154  2605
 [229]  1732  5035   686  1062  4254  9829 13568  5419  2077  4054   540  5952
 [241]  8820  4191    27  6059  1993  1696   273  1358  1919   874 13153   595
 [253] 10591  6136  5088  1184   372  6928  4872  1472  2563  1097  9542   558
 [265] 17263  8737  2147  1991  4557  4493  1795  1348  6752  3449  6261  8247
 [277]  8018  2506  1458 12312  7948 31026  6177   226   714  3300  1222  4795
 [289]  3692   705  1510  3211 17717  8402  3592  6351  1561  5443  7027  1487
 [301]  3143  7598   489  4040  2173   330 26573  2963  1921  8368  1751  7854
 [313]  1510  6147 13158  9859  3191  2468   579  6586   667  8300  3936  7286
 [325] 12339  4829  7009  2241  1837  2354  1047  5955  1796  1952 10119  5782
 [337]  3237 17646  1016 16867  5531 11357  2998   659  9647 22858  1120 19539
 [349] 10867  5140  4080   932  5668  1279   172 11509  4666   731    49  7550
 [361]    97  1385   772  6550   189  2563  3618   431  1959  4895  1315  3058
 [373] 25486  3217  5904  7335 12485 10270  8458  5076  2119  1465  1948  2204
 [385]  1983  4370  1488   881    65   249  3969  3541  1645  4633  3765  9637
 [397]  1394 10384  2243  3846 10183 11971   389  4115  1943  1007  2291  1580
 [409]  7957  7542  5347  4219  3222  8161   974  1110  3059   502  1500  8119
 [421]  4025  1863 12270   711  5655  9911  4724  3298  2185  6147  7497  1057
 [433]  7994   915  4009  2813  3990  5610  3244  1374  7744   772  3348  4931
 [445]  3210  1491  2010  2234 11465  4092   429 13766  1520  7807  3505  6932
 [457]  2640   523  3558  2663   968  1471   304 11005  1196    95  6116 14495
 [469]  5346  3192  3148  9164   140  2082  1945  9738 12388  5189  2503  2844
 [481]  3837    45  1368   973  3120  6267  2229   211  2278   529  1462  2938
 [493]  2373  1121  4499 16654  1695   790  1981 13318  9818  2655  3262  7593
 [505]  2071  4656  1082 15288    59  6996  1551  7876  1521  7204  3276  5388
 [517]  8387  4806  6954  7561   194  2727 12209  7444  1144 34399   883  5957
 [529]  1475   888  6735  1709  3128   259  3720  1664  2016  7643  1367  1146
 [541] 14038  5805  9367  5220  1487  6093  4677 12016  9831  4452    81  4945
 [553]  1478 17577   459   364   856  1654   879 14101  1651   522  1716  4899
 [565]  3560 17881  1019  9616 21339  5307  1940   440  3807 15277  3156  4478
 [577]   918  3069  4934  4183  3992  5778  3926  4640  1278 11923  1254  3381
 [589]  1323  6571 16282  4738  4152  1501   313  1801  8974 24371  2522  4715
 [601]  1536  2001  4003  2631 15605  2296  3520  2806  3375  8605 15776  1806
 [613]  1269 26743 12032  2116  3089 10835   857  5106   416  5229   367  4127
 [625]   233  7737   222  1443  3414  5921   638   741  2912  4377  3322  5617
 [637]  2228  6384  2412 10012  6954 11274  5057  3083   227 11267   681  2198
 [649]  7292  6556  4542  1631  1183  4638  5897 15006  6065  7393  2495  3528
 [661] 11904  3416   884   448   114   456    88   332  1921  1129   276  2856
 [673]  6606   521 12958  6642  6057  2756  4328   243  2777  2532  1369  5433
 [685]   827  1873   369  2249   750  1969    43  2174   460   728  1050   273
 [697]  2497   881  1037  3645  4088  2369  7839  5478 12290 20760  3735  8678
 [709]  1913   144 10563 10339  7631  1762  1892  3472  2957  5654  3840 10566
 [721]  2488  2799  1943  2472  1438  4047 10605  8528  4994  4068  1192  4612
 [733]  1946  3020 14631  2899  5113  2797  2752  9000 13490    98    35  1925
 [745]  3014  1103  3730  1111 11577  1270  6734  5827  4397  4517  8539  3619
 [757]   334  2200   214  6276  7738  2719 12347  1214  6794  3392  5110  2150
 [769]  2916  5841   254  3556   725 11499  4098  8077  2100  4616  2615  4593
 [781]   646  8296  1561   543   757 11331  7641  8841 10600 10334  2627   187
 [793]   439  2399  5564  2654  1234  4611   490  3640  8497  4058  2340  4379
 [805]  3953  3349    32    61 21032  1581   648  2857  1234  7534 26158  1175
 [817] 15490 15861  4202   753  1031  8232   647  8131  6833 19028 22047    13
 [829]  6871   107   524 18041  1006  2491  7790  5598 10881  1306  6659   754
 [841]   417  3117  4039  4101  2791  4138   679  7379  1370  2268    12  9432
 [853]   172   167  5039  9486  4574  3271  4410  8344  4771   559  4078  1248
 [865]  2878  1993 17154 10581  7910   614  2096   970   510 17704   495  6751
 [877]  9662  2644   154 23079   652  3660   686  6649  3768  3918 22630  7089
 [889]  1983  3073  4257  9049  4488  4815  3091  4063    69  1577  3115  8183
 [901]   964  2582 14324 14080  4157  6015   843 10080    43  6556  8473  2043
 [913]  1648 11861  1867  1184  1049  6062  6426  8247  5895     1  2804  7628
 [925]   645  1684  1160  2590  2208   559  6138   761  8460  5783  2372  2406
 [937]  4462   338   547  2169 15505  3856  1234  4802  2133  1898  4289  7403
 [949]  4517  1904   535  3403  4042  2015  6295  2955  3222 12363  1607  1078
 [961]  3292   932  9476 16421  1642  9900 17313  3530  1988   615  7081  3408
 [973]  1162 27105  3845  1476  5578  1880  5055  2226  2273 14942   386  9219
 [985]    41  1562 22847  1071  1217   720  3005 10144  8224  8901  2757  6840
 [997]   338  3000  9019  6624   496  1933  4688  3075  2144  1598  6640   530
[1009]   779  4179  1716  2037   720  9793  2843  5325  7856   383  5140  7115
[1021]  4101  7349  5209  5042   908  4241  3068  4312  5425  2209  5117  1374
[1033]  1881  2019  6801 26085  4105  7664  4142  5893 11784  3007   103   542
[1045]  2650 11342 16102  3867  1596  4172  3849  5859  4359  3067  2645 18501
[1057]  5015  6095   408 21922  5984  3601  5042  2012  8690  1457  3063 20179
[1069] 12625  1521  6156 13263 14908  3379   292 10522  4181  2271  2807  1890
[1081] 15890  2693  3554   512  4023  1779  1948  3241  2032 20507   243  4626
[1093]  5147  8734  1631  2866  1567  9490  2854 10203 12314  3902  3309  4642
[1105]  3923   648  4449  2124 18174  1550  4212  2448  3226  7676  1050  7120
[1117] 15031  1799  2283  3030  4842  2840  1486 10743   554  4506  4011  4848
[1129] 13700  3131  3964 10891 11561  2575  1066  1728  2743  2256 10441  9801
[1141]  7054  3724 16074  3963  1108  7832  2203  3547 11854  5466 17680 12762
[1153]   429  1277  4093  2082 11280 13173  4026  3558   724  1029   840  6611
[1165]  9369  6672    98  7785  2528  3913  5037  2658  2672  4341  6433 12020
[1177]  3827  1003  1150  1105  3567  1668 11910  1212   715  3433 33398  7363
[1189]  3824  3466  2485  5491  2799  1863   989  5630  2256  8428  1157  4744
[1201]  6296  2361  4301  1138  1556  6315  3748 13929   694  1372   276  5694
[1213]  3377   610  5186   246  4047  1348  3986  2957  1955  8876  7357  2430
[1225]   599  8193  4301 12148 11279  1954    54 10069  4122  7932  3880 15066
[1237]  1550  4937  4655  3696  4083  8797   872  1936   238   562  9984 10208
[1249]  7714 12239 11229 10442  1747  6792  2548   440 12750   108  3068   667
[1261] 16290   403  2022  2690  6197   121  2931  5071  1835  1743  5422  4553
[1273]  1317   972  7097  2215  4817   408  1850  6721  3324  1821  1173  4572
[1285]  9346  3821  3193  6338 11652  9963  8407   225   337  6880   887  3751
[1297] 12310  1350  6155   743   403  5488  5582  4067 10934  4521  4889   556
[1309]  1251  4418   183  3919  4776   419  5829   116  1236  3438  1970  7925
[1321]  1128   738  4771   366  1479   576 15397 24502  2472  7269   981  9214
[1333]  1301  4818  3491  6385    61  2374  1776  1193  4848  4653  8919   356
[1345]  4358  8643  3418  1945  4364 10649  3386 23013  4326 10061  8523 11512
[1357]  2286  1497  3777  3716 16227  2081  6900  2531  1580  5179  2918  4240
[1369]  8786  2475  1582  1684  1277  5948  2489  3584 21420  2039  6423  2010
[1381]  2289  9222   617  3521   288   580  3469  3326  7301  1906  9739  1004
[1393]  3485  8131  4492  1525  3954    68   555  3931  5603  3405 11207   706
[1405]  6773  1546   608  1776  9417  6942   313  3179  2583  5842   663  1961
[1417]  8204   634 17042  4728   452  9155    98  9127  4634  5372   309  3748
[1429] 11244  9399  2343  8039   623 15620  2877  7531  1636  3246  3659  1472
[1441]  6227  7352  1268  5667 17845   828   693  4114  2400   638  1017  5111
[1453]  5054  2122  6854 13744  2000 12441  2065   223 11223 17685   797  4219
[1465]   488   596  4319  4478 19902  2385   987  2563  5845  4292  5990  2466
[1477]  5892  1421  2540  6206  1220   799 11122 11669  9833  1094  8366  1528
[1489]  5417 12967  3135  1983   480  3615 15587   922  1262  5179 10181  5040
[1501]  5881 15129  5210 14460  8816  6629  3804  1422  5009  1322  5528   847
[1513]  4545   222  2111  2285   386    73   594  9667  6695 13273  1495  1461
[1525]   701  5741   374  7271  1565  1037  6600  6964  2101 33034  2305  2048
[1537]  9055  2908   485  2512  2269  3207 18043  3878  9398  9737 13071  5371
[1549]  1324  3820  1411  2542   660   479  3294  3494 12278  3045  1407  7699
[1561]    93  5207  4321  3269  2331 10170  4848  6931   771   785 16269   676
[1573]  1250  2222  1486 31865  3278  9937  5025 18263  5744  1006  1170    54
[1585] 27110   434  2330  2649  1166  1636 14648  7064  4644   238  9763 20333
[1597]   512  2755  6526  2666  6784  7526  6532  7581  5116  2579   909  2512
[1609]  5582  5027 12548  6754  1747   712  5957  2039  4228 11841  1278  2326
[1621] 21420   587  7611  3902   579  1823  2344  2654  2758  8730   730  4057
[1633]  5428  8010  3321 19877  8485   561  9070  7488  3572   620  1276  2775
[1645]   555   871   423   173 11487 19342  2122   274  6166  2351  1749 12062
[1657]  6316 11571  2147  5949  4675  6616 15155   528 17479  5804  6171  3615
[1669]  4018   560  4859 11065  2802  1961  5699  8063  3784 12575 14110  8058
[1681]  2965  4022   776   980 13454 10608  3145   322 34259  5330  4149  1103
[1693]  4996 10836  3526   584  4769   929   334  4277 20718  4400 11303  4458
[1705]  4487  3884  3953  1089  1187  1461  7219  3030  1792  3554   418 11255
[1717]  4845  6704 12506  2173   480 11843  2326  7153 11809  8961   279  3073
[1729]  6577  9899  1537   433 10698  1807  2162  1045  5998   386  7047  4811
[1741]  6854 12206  7520  1055  1773  1085  5893 11313  3403  1087  8067  6287
[1753]  2948   665   547   493  5633  1508  3899  6133   498  2466 11284  9847
[1765] 11447  2683  1019  3643  2922  1720  2251  2865  2092   653  3689  3013
[1777]  5805  1803  1667 29652  3721  7045 25525    14 11315 22597  1789  5183
[1789]  1962 21555   616  3940  2622  1546  1737  9111 11849  1595 23415  3410
[1801]   728   381  6523  2077  5765   105  4121  6268 12926  2011  3078  1359
[1813]  2021    98  3064  3810   766  8241  4795  3740  2065 13642  5447   544
[1825]  1070   719  7011  3399   242  3681  6224   932 10199 20423   481   623
[1837] 14661  5796  5036  3301  1273  8203  6021  6369   100   564  4638  3598
[1849]  1003   528   315  3324   172  8857 11632  1312  4252  5536 11321 11810
[1861]  3490  2686 10729   205  4612  3449  3975  5658 22415  2158   725  6151
[1873]  3334 19291   377 11835   504    23  1054  3383  8706  4954   157   730
[1885]  3994   701   966 10371  1046  3414  8195 15577  5975  8757  1423  4507
[1897]  2119  4140 18817  2905  2025  1664  3878 13555  3974  1801  1503  8825
[1909] 14757  8110  8008  5553  3746  6055  1979  7485  3512 22964  3409  3573
[1921]  7938 13462  8711    84  8778  1888  6559  6178  9904 10073  1192  2204
[1933]  1540  1263  9979  9537  3784  2279 12601  9372  2826  5677  3542  1758
[1945]   628   525  1847  8353  2671  1540 14900  6091  3685   966  2583  9814
[1957]  2594  6571  3001  5371  1659  7354 11884   722  1587  3175  5003  6490
[1969]  4134   981  5640  8686  1104 23957 15007  8493   121  8611  2164  7671
[1981] 13985   868 11689  2024  4908 29205 12137  2472  2866  2134  6763  4931
[1993]  1136  1510   284   368   357    13 14668  2416
[1] 5.0385
[1] 11.0654
[1] 18.5865
[1] 35.3135
[1] 3.2223
[1] 4.4742
[1] 5.2214
[1] 6.144
